Tommie Berg LW 3/17/2026 15 10 9 16 15 6 4 14 4 15 17 11 13 17 14 11 10 14 5 8 14 14 8 8 12 14 13 
Nicholas Filppula LW 6/23/2022 11 14 17 10 15 19 12 9 20 9 14 11 14 15 13 20 10 11 7 19 11 13 15 18 9 13 9 
Rhys Frider C 2/23/2023 20 10 9 18 17 9 1 14 16 14 13 6 15 19 15 15 15 20 20 11 16 15 12 17 11 15 13 
Tucker Craig RW 9/21/2026 15 10 14 15 16 11 3 12 18 13 8 8 12 18 19 20 17 16 10 14 20 19 13 20 17 15 20 
Yevgeni Fedotov LW 9/17/2016 11 11 9 17 14 5 5 15 11 15 17 8 14 11 14 10 15 18 6 8 18 13 12 15 9 16 14 
Artur Gizatullin RW 10/31/2022 14 7 9 15 13 8 6 9 13 15 17 11 15 13 15 6 16 19 7 10 16 11 8 10 18 12 16 
Jukka Kainulainen C 6/12/2026 18 9 10 17 16 5 6 14 7 14 13 9 8 20 16 8 14 14 16 5 15 14 9 9 9 11 11 
Robin Buda LW 5/11/2025 8 13 14 12 16 19 12 13 20 5 14 6 14 13 16 10 14 10 6 14 9 8 9 11 10 8 10 
Jake Daccord LW 33 16 5 7 17 13 7 7 13 14 14 8 9 13 8 15 12 12 8 6 7 14 11 6 16 10 9 14 
Chaz Bellows RW 2 8 12 15 10 15 13 9 6 9 4 16 9 10 10 11 12 8 7 2 13 6 7 12 11 5 11 8 
Mack Chiodo LW 25 8 7 14 7 14 19 12 5 10 7 11 10 12 10 16 14 10 4 5 15 7 11 12 14 8 8 8 
Jalen Dean LW 7/7/2027 20 14 13 16 16 11 6 9 17 9 17 7 14 20 15 20 12 11 12 12 15 15 14 16 13 15 13 
Jesse Desrochers RW 24 7 4 17 7 11 17 2 2 15 4 12 10 12 12 12 13 11 6 5 15 3 7 11 9 4 9 7 
Jody Johns RW 7/14/2023 9 3 13 9 15 20 7 13 17 11 16 10 6 10 9 7 17 10 8 17 11 12 6 11 9 7 14 
Danil Popov LW 11/13/2022 14 5 10 14 16 5 5 14 13 15 16 8 14 20 16 6 12 14 6 8 13 13 8 9 12 13 13 
James Butler C/RW 1/20/2017 15 11 9 19 17 13 9 14 15 14 7 8 14 14 13 12 12 9 16 10 14 11 6 16 9 9 14 
Frank Chapman LW 8/9/2023 9 10 17 11 16 16 15 8 15 8 20 3 15 16 18 10 12 9 9 16 12 10 12 13 8 11 11 
Gib Coric C 10/20/2023 15 10 9 19 17 9 1 13 16 14 6 7 15 19 14 6 16 18 18 11 17 15 10 10 12 13 12 
Vladimir Klement RW 10/27/2027 19 12 9 17 13 6 1 13 13 12 16 15 5 15 10 8 14 16 4 8 14 11 9 10 14 14 14 
Reid Monette LW 5/23/2026 18 11 13 16 18 16 7 3 18 8 16 6 14 17 19 17 11 7 8 12 15 14 15 19 12 13 14 
Yegor Musatov LW 11/12/2024 15 9 7 16 15 7 2 12 7 12 14 16 13 11 12 5 13 15 4 8 13 9 6 4 14 14 15 
Benny O'Brien LD 4/9/2027 11 11 14 11 16 20 20 9 13 12 15 5 9 15 9 11 10 12 4 9 11 10 7 10 10 8 10 
Nico O'Brien RW 1/24/2024 14 9 8 14 13 9 2 14 12 11 11 10 13 15 17 14 10 8 8 8 14 15 10 17 11 11 13 
Hardijs Reinbergs LW 7/25/2027 17 11 9 19 17 9 4 14 10 15 13 11 14 15 18 5 15 15 5 4 12 13 9 5 8 11 10 
Alexander Shvalev RW 6/28/2025 14 12 8 13 14 8 4 12 12 10 12 8 13 10 10 5 11 13 4 8 13 15 8 6 10 10 11 
Lauri Ahonen C 12/15/2027 15 7 8 14 16 8 5 14 16 12 19 10 12 16 20 7 7 6 12 7 10 10 7 10 9 7 11 
Eduard Alexeyev RW 5/18/2026 20 10 9 16 16 5 1 15 10 15 9 9 11 11 13 7 11 15 5 4 14 10 8 4 7 14 14 
Lucas Youso LW 2022 18 12 10 20 16 9 5 7 17 11 11 9 12 14 14 14 8 7 5 6 11 11 8 11 10 8 10 
Michael Dronia RW 9/8/2028 16 8 8 15 15 6 1 13 14 12 14 8 12 17 19 6 12 15 6 5 14 11 6 5 9 12 10 
Gerard Foster C 1/11/2024 10 7 6 13 9 10 7 13 15 11 11 10 13 18 16 5 12 13 14 6 13 11 4 8 11 10 13 
Ryan Lazure C 1/8/2024 8 10 13 8 13 16 10 9 15 12 9 10 11 7 11 11 10 7 9 11 8 7 7 8 9 7 8 
Thomas Leipsic LW 4/2/2024 18 8 8 14 12 9 2 11 11 10 6 9 9 13 16 9 9 11 4 4 13 8 6 9 8 9 9 
Eirikki Leppanen RW 23 11 6 10 13 11 12 8 13 14 13 17 8 11 12 13 7 9 9 3 3 7 10 10 11 10 10 10 
Tony Michaud LW 4/25/2028 13 11 8 15 15 6 4 11 7 13 4 11 11 14 9 4 9 14 3 5 12 10 4 7 7 14 10 
Bocek Dufek C 20 14 9 8 16 14 7 7 14 12 13 12 12 13 17 18 3 11 10 8 6 10 12 7 2 6 7 9 
Artur Lonovenko C 21 18 9 10 20 14 5 1 12 11 12 10 8 13 10 14 6 11 9 9 3 8 9 7 9 8 9 9 
Tony Manista C 22 20 10 11 19 15 9 5 7 14 7 13 7 13 9 9 10 4 9 13 8 9 12 9 8 7 12 7 
Phil Jakubowski RW 24 16 9 8 16 14 7 2 11 16 11 20 9 11 16 15 12 11 9 6 4 11 13 7 12 9 9 11 
Riku Niku RW 12/11/2020 10 9 8 16 14 7 2 11 16 11 20 9 11 16 15 12 11 9 6 4 11 13 7 12 9 9 11 
Yan MacDonald LW 3/31/2025 20 11 10 20 17 10 4 12 14 8 11 9 11 13 13 10 11 8 4 6 15 12 8 11 13 8 15 
Jean-Philippe Maksimovich C 5/18/2019 9 12 10 8 13 14 13 18 13 18 18 10 17 10 16 8 17 15 19 16 18 15 8 14 14 11 12 
Gabe McMaster C 12/19/2017 17 10 9 19 17 5 3 16 15 16 13 9 15 16 13 10 12 17 17 5 14 14 9 11 12 11 13 
Justin Schneider LW 7/17/2026 13 16 20 17 15 15 20 10 18 8 17 9 14 20 17 20 14 14 14 20 16 17 18 20 15 14 14 
Giordano Tessier C 6/25/2019 16 8 8 16 15 7 7 13 12 15 17 10 11 4 8 6 15 15 19 5 17 15 8 11 10 11 12 
Bulat Barabanov C 3/5/2024 16 12 13 16 16 18 6 5 17 7 11 8 14 17 16 16 9 9 16 13 9 11 15 13 6 7 8 
Tadeas Brzobohaty C 2/21/2020 15 13 8 13 18 12 1 18 12 17 11 13 16 15 11 19 15 19 9 17 14 10 11 1 18 17 18 
Jordan Cadorette LW 3/22/2026 13 6 12 11 15 8 5 13 14 11 10 15 11 17 16 5 18 18 12 5 17 13 10 4 13 13 10 
Neal Erickson RW 5/9/2022 10 11 13 8 13 17 2 9 14 7 8 9 14 17 15 11 17 11 7 18 12 13 9 14 12 11 15 
Richard Hayes LW 2/19/2025 19 10 14 18 18 9 4 7 18 7 12 8 7 16 18 17 15 13 8 12 16 20 12 19 12 15 13 
Adam Kovar RW 10/26/2020 14 4 7 13 14 7 1 11 8 7 16 6 11 5 6 7 20 18 6 8 17 13 4 8 17 18 16 
Jaromir Kral RW 9/21/2017 12 11 9 15 17 6 2 18 10 19 12 9 17 15 16 11 16 16 8 9 18 18 9 17 14 15 15 
Craig Lannon LW 7/13/2025 17 10 9 20 15 12 1 12 10 12 12 15 10 12 14 15 13 5 5 13 10 10 7 5 16 12 15 
Santo Rajotte C 2/14/2029 10 11 10 10 12 10 10 4 13 5 17 8 11 13 15 17 11 6 13 14 7 11 14 14 9 9 9 
Rodolfo Noriega RW 11/13/2028 18 7 8 17 15 3 1 10 12 10 14 10 8 10 14 6 6 8 3 6 10 7 6 7 10 10 8 
Viktor Baryshev C 5/8/2028 10 10 8 16 11 5 5 13 10 12 12 19 12 12 8 7 7 13 10 3 8 7 7 4 11 8 12 
Jimmy Boyle C 10/17/2029 18 10 9 19 15 7 1 13 10 13 13 18 12 9 9 7 12 10 9 4 10 8 8 8 8 9 11 
Scott Brooks C 11/29/2028 16 5 8 16 15 8 3 5 3 5 7 6 7 7 8 6 7 5 11 6 6 7 7 10 6 8 8 
Kayne Field C 7/20/2030 10 12 14 7 13 14 1 4 11 4 17 3 12 12 10 11 6 5 9 6 6 10 10 9 2 6 5 
Dario Leggio RW 12/27/2028 11 10 19 8 16 18 5 6 18 2 6 8 10 13 19 8 10 3 3 12 6 7 8 9 3 7 7 
Kevyn Clemment C 8/20/2030 9 7 10 9 12 18 12 12 12 8 16 7 11 10 16 14 14 9 9 14 9 13 10 10 10 10 10 
Bowen Todd RW 11/26/2028 11 10 14 11 15 20 1 13 15 12 11 8 10 8 12 4 11 7 3 9 10 6 3 4 9 5 10 
Denis Whitney LW 7/27/2029 16 8 13 12 14 10 6 1 6 3 18 9 2 8 14 8 4 3 4 5 7 10 9 9 8 6 9 
Brent Lewis RW 2/15/2030 9 10 16 9 16 12 5 8 12 6 6 6 12 12 15 10 10 7 7 12 10 10 11 10 10 8 8 
Buddy Middleton RW 9/21/2028 20 11 8 16 16 10 8 2 7 6 16 7 11 11 10 14 8 6 6 8 11 10 11 13 8 9 9 
Austin Shellman RW 9/14/2030 12 8 8 15 11 4 1 13 9 11 18 9 10 9 14 8 11 14 6 4 14 9 5 9 12 9 10 
Nates Corazzini C 9/1/2029 18 9 10 18 15 7 5 12 2 9 17 12 5 9 10 6 11 7 8 2 9 11 4 3 6 7 7 
Kal Matell C 5/5/2029 8 5 10 10 11 14 13 11 11 9 16 6 13 12 11 6 11 9 11 8 7 7 6 7 7 6 9 
Patrick Benker C 8/4/2021 17 9 7 12 15 11 3 16 12 16 12 12 12 14 10 10 19 19 18 9 18 14 11 12 13 13 11 
Damir Cook LW 8/9/2021 10 10 16 10 18 20 6 15 16 16 11 6 15 11 15 11 19 15 9 16 16 13 9 15 15 12 16 
Razmuz Engstrom C 12/3/2019 8 9 9 8 13 17 9 14 12 13 6 7 14 19 14 10 19 12 17 17 13 12 6 10 14 9 13 
Tre Guillemette LW 12/9/2023 17 12 9 18 15 7 2 12 9 10 12 15 10 8 11 9 17 17 6 7 16 12 7 6 17 15 14 
Dragan Falk LW 7/16/2029 17 9 7 14 13 9 1 8 11 10 13 10 11 9 11 5 9 7 3 2 10 4 2 4 12 8 9 
Cody Gallagher RW 10/19/2031 8 4 11 11 14 8 13 7 8 12 7 12 10 7 11 6 11 7 3 7 8 8 5 3 11 6 8 
Kylan Noel RW 1/2/2032 10 12 15 12 13 10 18 5 5 5 17 9 11 11 13 11 6 5 3 9 5 7 8 10 3 7 6 
Vince Plouffe LW 1/7/2030 12 6 7 16 14 8 1 11 8 13 6 16 13 14 15 2 9 9 4 2 9 4 2 3 10 9 9 
Joren Bilodeau LW 11/24/2031 12 6 8 18 15 7 2 12 6 4 15 4 12 12 11 10 7 5 1 6 8 5 6 11 7 7 6 
Jaycob Bradley C 10/29/2030 18 11 7 16 15 6 1 7 12 12 16 8 7 10 12 3 9 11 7 4 10 7 4 4 11 8 12 
Terrance Orr RW 2/29/2032 12 4 7 13 12 8 1 11 8 13 9 10 10 9 8 2 6 10 1 1 8 9 2 5 7 10 8 
Emmond Pageau RW 4/28/2032 10 8 8 10 13 5 1 12 15 9 12 9 12 13 10 5 9 10 4 2 8 4 6 6 8 9 10 
Charles Patterson LW 4/19/2032 10 9 9 9 12 14 13 13 7 6 9 7 11 6 9 10 9 6 4 11 6 7 6 7 6 7 7 
