Tommie Berg LW/RW 22 15 10 9 16 15 6 4 14 4 15 17 11 13 17 14 11 10 14 5 8 14 14 8 8 12 14 13 
Nicholas Filppula LW 26 11 14 17 10 15 19 12 9 20 9 14 11 14 15 13 20 10 11 7 19 11 13 15 18 9 13 9 
Rhys Frider C 25 20 10 9 18 17 9 1 14 16 14 13 6 15 19 15 15 15 20 20 11 16 15 12 17 11 15 13 
Tucker Craig RW/LW 22 15 10 14 15 16 11 3 12 18 13 8 8 12 18 19 20 17 16 10 14 20 19 13 20 17 15 20 
Yevgeni Fedotov LW 32 11 11 9 17 14 5 5 15 11 15 17 8 14 11 14 10 15 18 6 8 18 13 12 15 9 16 14 
Artur Gizatullin RW/LW 26 14 7 9 15 13 8 6 9 13 15 17 11 15 13 15 6 16 19 7 10 16 11 8 10 18 12 16 
Jukka Kainulainen C 22 18 9 10 17 16 5 6 14 7 14 13 9 8 20 16 8 14 14 16 5 15 14 9 9 9 11 11 
Robin Buda LW/RW 23 8 13 14 12 16 19 12 13 20 5 14 6 14 13 16 10 14 10 6 14 9 8 9 11 10 8 10 
Jake Daccord LW/C 33 16 5 7 17 13 7 7 13 14 14 8 9 13 8 15 12 12 8 6 7 14 11 6 16 10 9 14 
Chaz Bellows RW/LW 22 8 12 15 10 15 13 9 6 9 4 16 9 10 10 11 12 8 7 2 13 6 7 12 11 5 11 8 
Mack Chiodo LW/RW 25 8 7 14 7 14 19 12 5 10 7 11 10 12 10 16 14 10 4 5 15 7 11 12 14 8 8 8 
Jalen Dean LW/C 21 20 14 13 16 16 11 6 9 17 9 17 7 14 20 15 20 12 11 12 12 15 15 14 16 13 15 13 
Jesse Desrochers RW/LW 24 7 4 17 7 11 17 2 2 15 4 12 10 12 12 12 13 11 6 5 15 3 7 11 9 4 9 7 
Jody Johns RW 25 9 3 13 9 15 20 7 13 17 11 16 10 6 10 9 7 17 10 8 17 11 12 6 11 9 7 14 
Danil Popov LW 26 14 5 10 14 16 5 5 14 13 15 16 8 14 20 16 6 12 14 6 8 13 13 8 9 12 13 13 
James Butler C/RW 31 15 11 9 19 17 13 9 14 15 14 7 8 14 14 13 12 12 9 16 10 14 11 6 16 9 9 14 
Frank Chapman LW/RW 25 9 10 17 11 16 16 15 8 15 8 20 3 15 16 18 10 12 9 9 16 12 10 12 13 8 11 11 
Gib Coric C 25 15 10 9 19 17 9 1 13 16 14 6 7 15 19 14 6 16 18 18 11 17 15 10 10 12 13 12 
Vladimir Klement RW 21 19 12 9 17 13 6 1 13 13 12 16 15 5 15 10 8 14 16 4 8 14 11 9 10 14 14 14 
Reid Monette LW 22 18 11 13 16 18 16 7 3 18 8 16 6 14 17 19 17 11 7 8 12 15 14 15 19 12 13 14 
Yegor Musatov LW/RW 24 15 9 7 16 15 7 2 12 7 12 14 16 13 11 12 5 13 15 4 8 13 9 6 4 14 14 15 
Benny O'Brien LD 21 11 11 14 11 16 20 20 9 13 12 15 5 9 15 9 11 10 12 4 9 11 10 7 10 10 8 10 
Nico O'Brien RW 24 14 9 8 14 13 9 2 14 12 11 11 10 13 15 17 14 10 8 8 8 14 15 10 17 11 11 13 
Hardijs Reinbergs LW 21 17 11 9 19 17 9 4 14 10 15 13 11 14 15 18 5 15 15 5 4 12 13 9 5 8 11 10 
Jere-Matti Saukko C 22 10 5 10 15 15 12 5 15 8 11 11 7 9 15 14 11 11 14 18 10 13 14 8 8 9 14 11 
Alexander Shvalev RW/LW 23 14 12 8 13 14 8 4 12 12 10 12 8 13 10 10 5 11 13 4 8 13 15 8 6 10 10 11 
Jan Morten Trygg 23 14 12 8 13 14 8 4 12 12 10 12 8 13 10 10 5 11 13 4 8 13 15 8 6 10 10 11 
Lauri Ahonen C/LW 21 15 7 8 14 16 8 5 14 16 12 19 10 12 16 20 7 7 6 12 7 10 10 7 10 9 7 11 
Eduard Alexeyev RW/LW 1846 20 10 9 16 16 5 1 15 10 15 9 9 11 11 13 7 11 15 5 4 14 10 8 4 7 14 14 
Lucas Youso LW 2022 18 12 10 20 16 9 5 7 17 11 11 9 12 14 14 14 8 7 5 6 11 11 8 11 10 8 10 
Michael Dronia RW 20 16 8 8 15 15 6 1 13 14 12 14 8 12 17 19 6 12 15 6 5 14 11 6 5 9 12 10 
Gerard Foster C 24 10 7 6 13 9 10 7 13 15 11 11 10 13 18 16 5 12 13 14 6 13 11 4 8 11 10 13 
Ryan Lazure C/RW 24 8 10 13 8 13 16 10 9 15 12 9 10 11 7 11 11 10 7 9 11 8 7 7 8 9 7 8 
Thomas Leipsic LW/C 24 18 8 8 14 12 9 2 11 11 10 6 9 9 13 16 9 9 11 4 4 13 8 6 9 8 9 9 
Eirikki Leppanen RW 23 11 6 10 13 11 12 8 13 14 13 17 8 11 12 13 7 9 9 3 3 7 10 10 11 10 10 10 
Tony Michaud LW 20 13 11 8 15 15 6 4 11 7 13 4 11 11 14 9 4 9 14 3 5 12 10 4 7 7 14 10 
Bocek Dufek C/LW 20 14 9 8 16 14 7 7 14 12 13 12 12 13 17 18 3 11 10 8 6 10 12 7 2 6 7 9 
Artur Lonovenko C 21 18 9 10 20 14 5 1 12 11 12 10 8 13 10 14 6 11 9 9 3 8 9 7 9 8 9 9 
Tony Manista C 22 20 10 11 19 15 9 5 7 14 7 13 7 13 9 9 10 4 9 13 8 9 12 9 8 7 12 7 
Phil Jakubowski RW 24 16 9 8 16 14 7 2 11 16 11 20 9 11 16 15 12 11 9 6 4 11 13 7 12 9 9 11 
Riku Niku RW 28 19 6 16 19 16 7 2 9 14 9 15 11 14 19 16 11 9 14 8 10 11 11 13 15 9 13 10 
Kalle Steen RW/LW 26 20 9 11 20 18 9 6 15 18 15 13 6 16 15 19 15 14 13 8 10 18 14 10 15 14 14 17 
Lucas Thell C/RW 29 16 9 15 19 19 11 4 11 11 11 12 11 17 14 13 17 10 9 20 12 16 16 14 20 13 13 14 
Lukas Valasek C 27 18 9 9 18 14 8 7 9 9 15 19 7 15 15 15 12 17 19 18 9 17 13 12 9 13 12 13 
Tully Berkstresser RW 23 16 9 10 18 18 10 5 14 11 13 19 8 14 14 12 7 20 20 10 8 20 14 7 11 20 17 20 
Pier-Olivier Godbout C 3/11/2024 10 10 17 11 14 11 14 14 13 14 19 6 15 15 13 12 20 15 20 17 20 20 11 13 16 16 14 
Dragan Falk LW 7/16/2029 16 10 7 14 13 10 1 8 11 10 13 10 11 9 11 5 9 7 3 2 10 4 2 4 12 8 8 
Ivo Sedlacek LW 7/9/2029 16 12 9 13 13 5 3 9 12 13 12 5 11 11 12 10 9 10 5 3 10 11 10 9 11 9 11 
Jiri Stepanek LW/C 8/10/2030 13 9 10 18 12 12 2 14 8 13 4 7 6 18 15 9 10 11 4 4 7 7 8 9 8 8 7 
Veikko Virta LW 4/18/2030 16 6 10 18 12 13 1 14 9 13 5 10 12 15 15 5 10 13 4 7 13 9 8 7 8 12 9 
Trevor Foley C/LW 1/24/2030 13 6 8 14 14 6 1 12 13 10 10 17 11 13 9 1 7 9 10 2 9 3 1 4 10 9 9 
Rodion Solodukhin RW/LW 11/23/2029 18 10 10 15 11 7 3 14 12 7 9 9 8 7 12 5 11 7 2 6 10 8 8 8 7 10 11 
