8 13 14
10 13 15
10 14 15
10.5 14 16
10 14 16
10 14 16
10 13 15
9.5 13 15
9 13 15
9 13 15
9 12 15
9 12 15
9 12 15
9 12 15
9 12 15
9 12 15
9 12 15
9 12 15
9 12 15
9 12 15
9 12 15
9 12 15
9 12 15
9 12 15
9 12 15
9 12 15
9 12 15
9 12 15
9 12 15
9 12 15
9 12 14
9 11 14
9 11 14
8 11 14
8 11 14
8 11 14
8 11 14
8 11 14
8 11 14
8 11 14
8 11 14
8 11 14
9 11 14
9 11 14
9 11 14
9 11 14
9 11 14
9 11 14
9 11 15
9 11 15
9 11 15
9 11 15
9 11 15
9 11 15
8 11 14
8 11 14
8 11 14
8 11 14
8 11 14
8 11 14
8 11 14
8 11 14
8 11 14
8 11 14
8 11 14
8 11 14
8 11 14
8 11 14
8 11 14
8 11 14
8 11 14
8 11 14
8 11 14
8 11 14
8 11 14
8 11 14
8 11 14
8 11 14
8 11 14
8 11 14
